,nfe,epsilon_progress,SBX,PCX,DifferentialEvolution,UNDX,SPX,UM
0,1006,17,0.2,0.1,0.1,0.4,0.1,0.1
1,2010,18,0.18181818181818182,0.09090909090909091,0.09090909090909091,0.36363636363636365,0.09090909090909091,0.18181818181818182
2,3017,19,0.18181818181818182,0.18181818181818182,0.09090909090909091,0.36363636363636365,0.09090909090909091,0.09090909090909091
3,4022,19,0.18181818181818182,0.18181818181818182,0.09090909090909091,0.36363636363636365,0.09090909090909091,0.09090909090909091
4,5026,19,0.18181818181818182,0.18181818181818182,0.09090909090909091,0.36363636363636365,0.09090909090909091,0.09090909090909091
5,6033,19,0.18181818181818182,0.18181818181818182,0.09090909090909091,0.36363636363636365,0.09090909090909091,0.09090909090909091
6,7037,19,0.18181818181818182,0.18181818181818182,0.09090909090909091,0.36363636363636365,0.09090909090909091,0.09090909090909091
7,8040,19,0.18181818181818182,0.18181818181818182,0.09090909090909091,0.36363636363636365,0.09090909090909091,0.09090909090909091
8,9044,19,0.18181818181818182,0.18181818181818182,0.09090909090909091,0.36363636363636365,0.09090909090909091,0.09090909090909091
9,10045,19,0.18181818181818182,0.18181818181818182,0.09090909090909091,0.36363636363636365,0.09090909090909091,0.09090909090909091
10,11063,19,0.18181818181818182,0.18181818181818182,0.09090909090909091,0.36363636363636365,0.09090909090909091,0.09090909090909091
11,12064,20,0.16666666666666666,0.25,0.08333333333333333,0.3333333333333333,0.08333333333333333,0.08333333333333333
12,13064,21,0.25,0.25,0.08333333333333333,0.25,0.08333333333333333,0.08333333333333333
13,14070,23,0.3076923076923077,0.23076923076923078,0.07692307692307693,0.23076923076923078,0.07692307692307693,0.07692307692307693
14,15082,26,0.23076923076923078,0.3076923076923077,0.07692307692307693,0.23076923076923078,0.07692307692307693,0.07692307692307693
15,16107,27,0.23076923076923078,0.3076923076923077,0.07692307692307693,0.23076923076923078,0.07692307692307693,0.07692307692307693
16,17133,30,0.23076923076923078,0.23076923076923078,0.07692307692307693,0.23076923076923078,0.07692307692307693,0.15384615384615385
17,18157,31,0.21428571428571427,0.2857142857142857,0.07142857142857142,0.21428571428571427,0.07142857142857142,0.14285714285714285
18,19179,32,0.21428571428571427,0.2857142857142857,0.14285714285714285,0.21428571428571427,0.07142857142857142,0.07142857142857142
19,20204,33,0.2857142857142857,0.2857142857142857,0.07142857142857142,0.21428571428571427,0.07142857142857142,0.07142857142857142
20,21227,33,0.2857142857142857,0.2857142857142857,0.07142857142857142,0.21428571428571427,0.07142857142857142,0.07142857142857142
21,22254,33,0.2857142857142857,0.2857142857142857,0.07142857142857142,0.21428571428571427,0.07142857142857142,0.07142857142857142
22,23285,33,0.2857142857142857,0.2857142857142857,0.07142857142857142,0.21428571428571427,0.07142857142857142,0.07142857142857142
23,24294,33,0.21428571428571427,0.2857142857142857,0.07142857142857142,0.21428571428571427,0.07142857142857142,0.14285714285714285
24,25301,33,0.21428571428571427,0.2857142857142857,0.07142857142857142,0.21428571428571427,0.07142857142857142,0.14285714285714285
25,26308,34,0.21428571428571427,0.35714285714285715,0.07142857142857142,0.21428571428571427,0.07142857142857142,0.07142857142857142
26,27319,34,0.21428571428571427,0.35714285714285715,0.07142857142857142,0.21428571428571427,0.07142857142857142,0.07142857142857142
27,28327,34,0.21428571428571427,0.35714285714285715,0.07142857142857142,0.21428571428571427,0.07142857142857142,0.07142857142857142
28,29329,34,0.21428571428571427,0.35714285714285715,0.07142857142857142,0.21428571428571427,0.07142857142857142,0.07142857142857142
29,30340,34,0.21428571428571427,0.35714285714285715,0.07142857142857142,0.21428571428571427,0.07142857142857142,0.07142857142857142
30,31348,34,0.14285714285714285,0.2857142857142857,0.14285714285714285,0.21428571428571427,0.07142857142857142,0.14285714285714285
31,32350,36,0.2,0.3333333333333333,0.06666666666666667,0.2,0.06666666666666667,0.13333333333333333
32,33360,38,0.2,0.26666666666666666,0.13333333333333333,0.2,0.06666666666666667,0.13333333333333333
33,34362,38,0.2,0.26666666666666666,0.13333333333333333,0.2,0.06666666666666667,0.13333333333333333
34,35366,38,0.2,0.26666666666666666,0.13333333333333333,0.2,0.06666666666666667,0.13333333333333333
35,36372,38,0.2,0.26666666666666666,0.13333333333333333,0.2,0.06666666666666667,0.13333333333333333
36,37376,38,0.2,0.26666666666666666,0.13333333333333333,0.2,0.06666666666666667,0.13333333333333333
37,38383,38,0.2,0.26666666666666666,0.13333333333333333,0.2,0.06666666666666667,0.13333333333333333
38,39389,38,0.2,0.26666666666666666,0.13333333333333333,0.2,0.06666666666666667,0.13333333333333333
39,40406,39,0.06666666666666667,0.26666666666666666,0.13333333333333333,0.26666666666666666,0.06666666666666667,0.2
40,41428,39,0.06666666666666667,0.26666666666666666,0.13333333333333333,0.26666666666666666,0.06666666666666667,0.2
41,42443,39,0.06666666666666667,0.26666666666666666,0.13333333333333333,0.26666666666666666,0.06666666666666667,0.2
42,43463,39,0.06666666666666667,0.26666666666666666,0.13333333333333333,0.26666666666666666,0.06666666666666667,0.2
43,44481,41,0.13333333333333333,0.26666666666666666,0.06666666666666667,0.26666666666666666,0.06666666666666667,0.2
44,45498,42,0.06666666666666667,0.3333333333333333,0.06666666666666667,0.26666666666666666,0.06666666666666667,0.2
45,46515,42,0.06666666666666667,0.26666666666666666,0.06666666666666667,0.26666666666666666,0.06666666666666667,0.26666666666666666
46,47541,42,0.06666666666666667,0.26666666666666666,0.06666666666666667,0.26666666666666666,0.06666666666666667,0.26666666666666666
47,48556,42,0.06666666666666667,0.26666666666666666,0.06666666666666667,0.26666666666666666,0.06666666666666667,0.26666666666666666
48,49574,42,0.06666666666666667,0.26666666666666666,0.06666666666666667,0.26666666666666666,0.06666666666666667,0.26666666666666666
49,50002,43,0.06666666666666667,0.26666666666666666,0.06666666666666667,0.26666666666666666,0.06666666666666667,0.26666666666666666
